%
% Sample multiplication of matrix.
%

A = [   27.34   45.1   10      0    -1.41
         0.01    2.74   0.31 -21.17  0.8
         9.0    -1.21  -8.51   0.21  4.08
       -37.10   15.41   1      2     3    ]

B = [ -64.07  91.53 -58.67
      -98.05  44.23 -69.69
      -27.58  97.31  81.11
       93.05 -88.77  94.01
      -39.89 -15.03  -9.12 ]

A * B


